1185434943845847112
847217141615034388
1151310770714460200
931309104406876160
764146075073642496
1239042672979873883
768216476456714260
1255883680405000335
1259585995242995844
923748468126785616
1289499372651810865
717251862214213643
749970467116548186
762657775419129867
488606738971623425
1291128274356797475
1214119342015381504
1278788136255885375
1288619247542730795
1276121445189029960
1288427299858939946
1255581053024735243
944182188960800838
1200438625247187081
1200436223790031041
1200437939042267136
762793790225383474
343886826886529034
1256602049139970051
1200432332935549033
1196214261232435242
985978800028418149
1270483743412457606
980694748513841193
932668659648831498
244122954173120514
1265294798751928332
1288232939401904169
936714705597267999
1245152161118294077
763385570667003924
1230077245951840310
1289517342019289172
1289497010550083649
1267783726880788504
1291823126207926387
1255694165753462888
923387394894463016
911252623158542336
1282939654928076800
1097333746052636673
1257288019795247186
1289521734667730978
1076658234401771623
928351566598131792
923382060352159794
1211905601458929755
1293660376080060479
1279107073854013491
941467361842708602
1185421605141229672
934436008227926037
1207081653940260964
1177599479210328095
956473772628664323
1294127771114668094
944817627098935296
937970681193320498
1254060798825861141
935113325400981504
1294248186923454486
1253635644039626803
1283640711878541345
1294483441886433281
1293872851882868842
1184078164113240139
1179642177471655946
1236522111099605065
1291187619350184008
1284874215929020519
1294832450261880842
1159425991794491434
1286226093560434720
1289541781666402364
1292825668408574005
1292802209863565407
846358169735135243
1199158114432339986
1283879044890492961
1288618119954305025
1286955556812226563
1278369499883507817
1290630076668317716
1292054306555691008
846849847012753428
934878277896658964
1100957439630770248
1200437723148849264
944178206368464957
935799374053785641
1261411428204544051
1238838294515814454
1293577094244204580
1292051864048767016
389169475339026433
935319469629259816
1295724554743840825
1194136525441605656
1292065654249361459
746164462385496155
1245385486072021108
1239017090455830562
754858361928810538
1286027148104044566
1296068538506809424
846269186329935903
1249653073211691059
1243698210921254952
1257990568122908756
1291284800237211662
847027889555767327
1260388484397535273
1088853851660095561
1239227957428486205
1297036628774354964
1171197456067874857
1119793146080006224
843952889017794640
1238830730629615667
1296948658511679559
934922713171107910
1194136010402054184
1086950752179732581
1183967678239625347
1123800998998200350
1293897188384051240
1296901265464492225
850285004889391124
850259622824640513
1286986409756065833
1241043602029674527
1284961345464176731
1296537720226713602
1262709150052388876
847300972317114408
918884044891107368
1296546081123074119
1297512706793803806
1285283799781081185
931154780749971497
1163196663339425892
1235761093771530293
1200891163691983001
979078052283834378
1159640640339070976
1298323947099525200
1290698046388178974
1297475897234030626
693176783536783432
1202711092539826258
798319992063655958
959958489831190668
1185849004706254930
354641370893254659
1076293682006868081
1031275897870893097
932739598830960681
945519523954565150
1017598744356716626
1185844179977375755
1220518903583871027
1293923403820040332
1286642055245860927
1298331980060164096
1284922419454152787
1292071589176934444
1183191231287787540
935781492716625980
962111571956486174
1295364443395457035
1297468880561897485
846790350278098964
1292056999605047369
1296212989921460306
1275593278556868740
1257300791547527190
265519807611404288
1185830465622515743
962201468658679850
944789874358251572
1298164052748664874
1185470110379548685
1290877773413482527
931330458212499486
1292055393878544467
1164561022816882738
1259433699129298977
314941512158806019
1194197826184421379
1298133682166698038
746163953721147492
1134262939566735453
1298548669540208664
1033068175593570354
1294087236110778429
938522991929729074
956249700661612564
961220998340939777
1244200182242082846
1269025314458042419
1264619292071301133
945512958233043025
1294264135000784999
932468576466657350
574166624668745728
572540573375004702
326512775129989120
1300848996008460329
940240901819732008
934943375596072960
931373582469169193
1278878066793255010
962553837900660766
923445909268881410
944702324209766451
701685861909135412
997880099024150638
1299387730094063727
1167160963296931983
932445244572712991
973586747420201030
978563465427947561
935409625392623627
1279213687646978190
650924715933696000
877927379090161695
1301824985794351164
1194195100528549950
1296102360128684053
955251859390619779
1286818602300866641
753754007553572937
1285609847898902628
1238300061327429633
1238308652704596038
1198255231654441071
1213829896409710592
972073622531362856
816011581812375623
1258692378466979841
1219015311148191877
1145075782268494018
1215335686580863049
1294783567876063303
1204386930649866282
1080203313380864155
1138739104167755866
1186816093235466290
1242416664780210236
935155201776693259
403699050550919199
934990714121637888
1281996808725332022
1298947741250228285
1285275981858340972
935338424414650419
1240803211691167766
772976530397593600
1298616745866821743
1294286045910663262
1258019026219700296
1238844375564423330
1298619678624845885
954418219395973200
967458864985415720
1086226779351564378
1031629906230132736
892898507982254103
1264482849906757685
1298214186974974002
1292075231032115270
692466040130633798
1224331362052472923
1246646136995840055
1277186154382491678
375372766322622465
1302856206171246603
1257406822743019570
935546633750466592
1199158694567497748
1304332038878527528
1255844178064183347
794386005876408330
402642959310520341
1193666439152939039
1193652970500407326
1031375568454819860
1300947488265732147
1292075266600075337
908883915916328970
1185849682958753816
1304616262042910860
1299066998352908389
1289963152028729366
1175019557329584144
1194023166008365078
841256715466965042
550108279917772820
1293596728099995650
1303376620794413138
1302864688433856595
396003638453075983
1302547035223883842
1304778388539576404
1219290418861052034
923375948185866280
670301846879076353
1238362855242334268
1193641248477687838
1185465444535115797
1199264435596963870
1263012298587508867
966155832624562177
1184880073040465920
1180879989055443027
1303375616099356693
1305559380560711760
1030167735054897152
1209635416060469269
1297712880090615848
1305595377101180981
737426388176339026
1298763130360303672
1235540998604455980
1139891658570354788
1303385179175518208
574243636892663808
1241186196907102311
1283641245868228632
1305530051684728863
1302853853103788062
846327043477209088
1185847284253073448
1280995948021026939
1242078379432345710
1304532340093227020
1217779929345687619
940292672780910592
1137270557688201296
934437136063660052
938406026334589019
367433545846620182
1238303500811632645
1283124563655397378
927734271182008331
1199136696839712929
920620584692494367
1305635683876081827
963784800622223370
1136556599817814119
1307311121803247630
1276291432763752503
1278576697951916065
962200585510199336
962285454399512586
1106129799497383986
1292061268844220416
1278299319870685208
1237696529792372778
1238320269400084553
1266698588491354186
374818013838573578
928356964591865946
1305493113678073911
1295363122936418337
1006637644219940984
1185746177598160916
1304308499177537598
1307787473086320641
479673556226015242
956545906805706782
1294303404046291088
1298919498388209714
326553207541202944
1193658847013904405
1306352493323747451
1185431226878791821
1207981230486855703
1308296955754975273
1279215173353340960
846020994383478815
923390869871144980
1185349971206221896
1238314371936157748
927484400470482964
788588083309707294
245311433561079808
1073558957404209312
1238388867518824518
304408818295767041
1309126471410782219
1209635399149027390
1185882877875990630
1185454482352504936
1300225046085767349
1273052839085604925
1309526831963181086
843507168081608776
504884948134789121
289847496921055234
1297082362668257384
1015280280631771228
1297945998827716670
1168924459399393403
1209577389143892009
1306923255701176341
1185850727982186566
985397801573810216
1012085351659077782
1273940298623615051
1279558588267761665
535514125384810518
1238314346535325706
1185878232558489670
967746340266344480
1303245199757148191
1289517345995493481
1304001564046004226
940777627340406806
940787393492025384
827704181972009010
963423077880959066
1273653909981892750
1240382112847368232
1015278218028265602
1185861099149606943
796727558888357942
1311064731158581360
1005842373647028274
1194191051922083843
1310331118733496455
1287438991112802377
1257805003347722403
1312012050146398210
943395725520302110
1312014178667593740
948544367554080768
920004923855355934
1288166523399045143
1185305885183057923
1309370123571691591
1157002721598128208
1278089154516877433
302033212035825664
1238438896937861151
1240931979285762091
393836727845912576
1241106763747688532
1277015448004726896
466656905880797203
956427727014100992
332675270475644928
1199665551228817521
575874469025939456
358938658352660491
1305270994885279894
1294048797181214722
1279082656339988577
1315031729450520721
1040284544617693215
1314016588017700996
1277721905247420456
409339648171704320
887584321219739668
1309417128125923329
1185778322916003965
923443392078286849
1290062799325630481
960132492952756254
1304103163040628851
1271540227768586334
800883244970016769
1288963711180079190
710211349312962630
156519480732680192
1315083832478797957
944859819322523698
803264017241473074
957190151510040596
473246480258564116
725837626921189386
1294296237444436084
658477050780319744
928325656322916414
1313595589748850870
937751513126801559
928364062990036992
1309218698115944461
1242418268338126940
1155420368236982402
1185547331349786705
1314504467600637982
1185568654704771132
684508797552951383
1146354993008492564
843575758839349279
1190292323607781456
1237465847602348145
702795418911637545
1318305682218422364
1300780781282525195
355953950396121088
1185117951540605068
766892691157811232
1231452001465012244
805360002424111114
1109935844099371039
844464088103780352
538702740042547213
952579917869105182
910652427215204433
576814546216288276
1018130171477377084
1316619559825965108
1185769172232314953
1267323168608096278
846501422354137129
1290435888928657480
801160986006126673
911296886168756234
370930793771565058
1215418350839009294
952689848001634334
923403875090853929
1146428162536919060
1185434722474672231
943523514307186739
1319936532001460256
943406454927417365
1199329394573979701
1320038504708833330
1062168828777332797
1241088409267605528
1128825828847931485
1309985698727596054
968075073984528445
1193976792193695886
1317001190986354769
418126508650135553
946880611166064673
1203669096072482828
921516689378652191
1193823545021706271
1293671624729563186
957580418658500628
1252878389761806438
831772313418465341
961196587814633482
1317955629142507544
1317007746377191485
1324027672447291466
1214320307494592542
789638008223170580
849262913926856775
1217091949689966654
1321406965955690508
593568062012391435
1292432884933722163
1306683503164915722
1299683264935493632
1277298337992675401
1325381037869498409
1309440320492146699
962182848520003676
1325841050241077330
1314049391190872144
1271422950154698773
1301192498244358215
943724908628811797
1326536081323200606
918494671112667196
588092998626312194
1006817259244748820
735118574150221914
1024086410665402468
1004393235269034075
838732088433573890
898852297415745586
1211687181127651360
1199038847011536978
1199512225245843470
1252791930740412477
1322639348906197003
963189673432330351
1325566372620800175
1302859227601305663
1280750369462554627
1305552126306553949
171383080777547776
1326217772459495434
941331796207996988
941330037905432647
1313245231298383892
932338261286854656
935397342931210261
1302633101687783487
1275510641876144243
923319259461984336
936354574552403968
1196606114008137824
1185770699416150017
1193761088651665452
1311866753407647800
638032219839135766
1307786779310428212
1013642010881695876
1198417818903912469
1318979744846315614
1296521409425571995
916646034137047070
936605780596117584
838415833796968518
928409171987148901
955611537333170197
1324881638739677274
1328114129202053192
885250121154048030
983031936647843863
1238495310171340871
1330281938686050377
1262350034868113469
1202594265796976700
619260264378007563
1182168247685099531
961192625917022208
1033133831160615073
1329659193631707200
983030240311918693
934962524695175198
1330943080563740914
1317567188886093835
963404915294748723
1330161153036386415
248508307348652032
1331588465791602714
1289487168326209619
1192365878906470551
523936172758794280
1215711177062223882
1329773467993772075
1330578934915665952
950523349568725072
527530427242774528
1138748898823909436
847314785841971260
965364258298810489
1330561641351221288
1006758105029296139
988563529911111690
985316504235024394
922475079470841856
988568899048071249
812643575526719499
1276662467774382110
1058271390589001758
395946286064336907
1268720740442701902
526278968140365825
598089431488135168
1185427878331027486
701264610711568435
1288912325440569406
1045853432310935583
1185886470561595454
1306890323988975679
1130690942689620052
959786583706464316
935822469498015805
1325434486892265504
814004217118851072
1155686619135877160
1262261780617498644
785635981339394109
904524678104743976
1193662846987403264
1047085069392678942
1293330323589042336
894172791241343016
1331608328115191918
1324380249789562885
1262208612143730720
1132700827459539005
581966231783866370
1221342130564497469
868112311364247582
1256723252995424269
1334513954847981599
1334871109308252222
937125429184188447
1331688452814536758
1332078941825007683
936679153476976730
1181159665799798837
500768834488107008
1325207558151213217
841851775782486017
969948472478429224
779690745849708575
853386242896166954
1310171140928442420
1221144257188986912
296649546266836993
649653108737179718
962017360527646801
379010388630568962
702607000126750832
979174765833101332
1220554929865752727
936900395823947817
934905078232531005
1217760246555217971
1335692297559343256
1196348131370082318
814300180379729940
1185000365201047623
1324075445897007160
1318207719836090438
1307384738180497408
852754218581622825
1318836832091377689
718239517047521360
1337111477865156693
919289409885593600
954508863107915787
1334132862936420425
1335222300710273121
1334130510963937350
1324397872988557334
503349080437817345
557526885844647957
1322226287737307227
922715227659837511
591706251323244555
1185775987821121620
935150326670061598
934895841947299931
935530580949487656
1338463958105067571
1333238292568608841
1315271485350215765
791866308051992616
1338147967378522195
1338272348989554744
961732391402094664
935774544529092661
1336431663814672527
280061576013283328
247853992598568961
1201260722399760465
939647641350987866
936683834878095361
1336775267473031301
1338923423388401806
1338994528102780950
1339020210480353471
1256208000914558978
961925553387106325
1338454278670389329
1277632247054471233
1256797026725662731
1256143435077914774
1257322469904351327
265281889215053824
1339524727701508147
972336987371601960
1270331557323997240
1334198701668958269
923342999663038535
380295741077323788
1339926385883349002
459661896405090314
949903114339774526
1305607936663617672
1338823589516021890
858261074519785492
470950837297086474
936615374806462514
1334271130462060557
913127635557691402
1335198616528224278
934478991274950717
691024637655515525
951921340787621999
1185568315456888884
1336281960804384782
1339591258389086230
267591999861817354
1341287744323850250
1338848663824502864
1340817281172635659
1340963388498640927
535739733486075914
936743121948135436
1326922004149833759
1334270966997717078
1338065539641118792
1250488564110852209
1037884003312738416
930071318513197076
1079694687776018502
1333073193753116815
1272903366095147203
1155426153193021471
1338893408449728624
1340842425639374882
928888170513330258
601532045969063947
908883654925778964
381145333989900296
1238852917730218048
1287671216504836192
1336307396808540233
1289909209445699626
918936955847331861
1078770609259040839
1341263774144794634
1338070008353259530
1310588308681785366
352166016324861953
983000029541331004
1335200076208803892
1221125020068089929
1341268339879837796
1284914057803206657
1223158852594434159
1252778697547714666
805695614906138664
1260241623514746971
1336512851849773162
1306664479211126825
1336974962174591071
1014813007387308062
1241368361334607935
1341386206881251408
1252842043877756938
1313131064146923613
1106342281352577044
1343503565271859261
1198325639472746557
1329504303676919828
1343134877997862922
914888258243149824
1331081694316466318
1343597381827952650
443607739344617472
1328973665227771945
966170943762366534
1330990953317666918
1303045226587230308
1343682486948859986
1199255099193688195
1326844560923562036
1217385336716394586
1297684138442362954
939217986756173844
1329056616057802785
350352382057644033
1308553638016319632
1267155617173213187
1080164381041635348
1227174289258840068
424971154848219157
1344186417252667472
923395125604909126
500711018604003329
954563713220894801
1005965125615898634
1344438093763186739
1343176426614161421
953643529727537255
1289712467571773564
1338868798144516097
1338058296292147202
770988962944253962
559414060118966292
1019493412489146419
1240203295360946196
1342840294344757288
1289928037047205928
1222470628032905277
1257816084623659151
1310297995983716444
771300724494565386
1343596576920174683
893107115760160778
1279265645518786603
1287412975988375659
199110914480406528
1334822283587354647
1198590556239056977
951961826470535198
216507320987942913
843085151789383700
1251347900550615101
753765975387799692
1344211358790586389
763819309385908266
1230470752998785088
1298330823472320546
1237064860999618601
1185888437413355540
1256899795969245238
1338508135245152266
1320188958889738260
1323980198420418696
1313770592595349504
1297033831827636228
1167522175134203934
1200293102070534174
1255193486580252709
1344599278793785405
1293274972004815009
1118964406018134228
1330200507515670640
1294357562812141649
1335932177971544108
936729898733674497
968314449620508743
1343614727938510879
879206560272904212
1247957836391120958
1340044914591006804
236564918545940480
1339190137686327326
1344038586604982365
959396100547182662
376239689935486977
1147983131614400653
1238835068676603915
1344887108254302208
1145825984554221619
1331168472620601376
1254374940027650089
781700335285960734
1080366715243864126
1337852018718408788
1329003890640945162
1341399904639127563
1189223842929983502
798963377241063515
1241296645451157567
1247720804590817322
1295808671917281378
1347307359063769161
1198849306938069054
517431232624197646
1345627720360398869
955401935849156618
870315426209472545
559893015460577280
851474304189333544
975271725480673280
1185040830835216444
1344897080803594272
1103265693476077568
1315730984624324712
1185781677738446888
630430198579593266
507893529360465920
1329816337198874667
835403652763484161
406632580046258188
1346688308939456579
1325145590916714496
1344890617615876157
936733269834223627
1111820239714390036
1238303484739326013
777362273148207116
1256976032091738156
651926858496999440
1342960216378966056
956395127713189918
1182020735175241920
763407961899925524
732220465661214772
1257177563562905636
1198829247788224633
925073313879965736
1341570971982762139
1185413241808113665
1346568005836083340
937194020025810944
800445510418825216
1267095613418246234
1181168264341110805
1345926997225766935
1349096380009943110
1172538238481735781
1300923664832790631
1326789608788201547
1327426755757211708
1341661747756666971
1189284485188030615
936683466572046407
951962094599823381
1328973174586478669
1330881263824928803
1185769562860421194
951875568696184913
940053331596947479
1338863755144069245
1340424349404106823
520909159068073985
763783292804792401
1297053935743406125
1289697755165626389
695669814743793706
1338666374825775229
1246702936009080884
951933711677542431
1256196767767068694
1185783432723304532
472773756469903381
1277745760775176294
460963218005950484
846864896233701406
1181154063119831100
1349608789799731272
961166646209286174
1350432486211194951
1342990580292128892
1208627483117879309
936307561651667044
1234862181871259689
1304393408365989942
1344068681617113149
774343630609186836
727877268763967569
1278161139410403444
1225468678754271273
1320887903399710804
946358735964614688
956702286971813948
936341942474793021
1341395568794144810
1334558001297887354
756924941479313408
1084576486842966137
1199274303762485249
1198263060100567130
1318350297441112125
1337264248442851390
1350016359416991764
967521010637242399
385550154578526209
1330924683008409615
1240955557209182269
1348615645767532586
614723704739332107
1255925888772608083
962545747662897264
1348757443785789542
1287919145756659722
1350206590241996842
1335019783183269969
491041103265529886
1350220219368607946
660426360681922600
1060296356079611925
1256286556352938086
445343735333650432
404804629931491338
1070919702114742292
962471618079236206
1060695640436383814
670315509916631040
957289093723750410
953024281921597491
1262610270757326920
1352344058231783444
1086497447003553822
1343174809835798630
1353135721460007012
231795671081025536
1126689314529607761
1352949697345486860
436440730093748234
1257039491764326501
852350512925245460
1069121466878140538
1185848180026396695
1099941177878388736
1193186726127083631
1289676734878318666
1157046868082167878
846968446469013524
1352259905104642164
1193651128945103001
1086948539256557588
927193641242484767
1013956401971859517
1345390006939947084
1353011357607526490
1257988971296854110
961928609365364756
1343711827804295259
838796744233713724
835626378912595969
1220753249074941985
1217749891829207083
871378603965825074
1193715956422299679
1228636369924919317
1328971187795132451
961018246000173077
1349479403750428723
1350949658155024576
392868088837570562
1287231046324326401
433082883935174679
1348929371817115680
879217530596651019
1253717665701433394
1215086035915243561
1197988243262689301
1340015788995907656
937268409115246603
991618233188753481
1080075230208331826
1328969339470217250
1339178726084186114
866749740615335976
327607209179611168
1353761557527400479
1160124858932400230
945432547125506049
1252154229553102878
958723197904257134
805954222893563966
424752634335854593
1346776263335088180
866394445520044073
974688337694715905
1220758176975032411
1258577099267117097
1278580584658239573
1283653076229685271
935815263868305438
731938649884852362
672414489232015380
744983077729599498
902221046755786803
1348800164210675743
368977081960366090
1353809747437944894
1351650825952563311
1330902286217773109
216447557126193152
879318273383084062
736047537810571315
405474385202511872
1141532283048837171
361386823781580800
1347645917062234163
1257488855309881418
1326994407613923411
1327918565936074765
1351570448860577813
983742172614524948
846467358687100969
1129481420377706507
806644933800886312
1346778523024494644
953697070286524477
667157840070443059
1257822318420295730
1352324903017119837
1347708511794237491
1199811999975100467
500825457768529942
529434889057992704
1350012650091708508
795306108561653770
936658273380216833
1292780879697154091
1257301651212210251
490629675421532163
1248834244449402885
1258427150852427899
287934835958480896
962096666041806888
1211344003102941289
1356076190460547094
1356376418832879736
1349501228379279421
1171647015814443112
1353998913971159058
1229008430409322511
1106818037929230387
1202389623809114216
921479388275568660
807747097402933309
1351416293814833175
1258003744470077501
512155960454807582
1306672676651143219
937743760140435506
1354522104858411239
1258725186094497844
1351623357337964688
1351892886463053897
1331620001232453637
923711509857726464
1329244280677466254
1272766749133242420
1185778617427447949
826839497659645983
1078232968939716610
1018686075968962715
1334184015724413023
1033105747426414602
927540259854635018
1292470597040738390
1356745403093094542
752340844513591348
1291391974632456198
1048033751332028416
1306671111102140438
770401736224407552
1220673940943273984
732052525150240878
456658695187595266
1219701670142017670
1152188910273822740
1125991401574907936
672611097253249034
1297701546343010390
732683100609577012
1352342104730239109
1357336134648336404
804711433673244713
1352173488508637225
1078985128954576910
1298428185649877004
1193822595427094591
937376927243731014
1060579559654834276
1352593844104859660
440947620907843596
805926507720605776
238807117811810304
1357395499862196353
1292644439290023957
1204054825566871594
1347577078567931985
782585783185047582
1357091125789462661
306551788843171860
1235085470363553833
962474668579758180
751084153948078110
955280091171131452
1194044390193254503
1350561887162601503
1338942092436832378
1352068308534558801
1346988415878565979
1312946737467621407
494467981259046913
476764825142427679
465320199873232898
788085932045500426
1080162532272119818
1357793686943039721
1357556832637423720
554381855667912725
590296575369019427
1185742821987209226
641403978176921610
1345530655366451281
1056096822873043084
599964508370239489
1357836745877749800
1342094839214374932
1221338036743176245
956313277183434792
1326747712493981777
1326747692822564915
779076111099101235
1346824329756676107
1224900806147313737
1357395981024493578
1326745924617244692
1328841225486204961
1351599735575810152
209660767555813377
1314334269627437078
1344485960506806282
1185750155950043227
898483466633637888
1258208018508677211
1351205717616361475
1336615876195254305
1350181252699000843
932869202098933820
958780460085960756
1185842477282902099
935784199531683850
1358061846653042759
260456498658934785
1344265289683963995
478050413312999426
1341344026888114248
1223399130039324722
1076850007887593572
957293419158450261
1167354194391478305
1357547996555776162
1336777567168106602
1051622235305152554
1148158863917449259
1353698378768449556
1340747514156028017
1314926185557262337
1259652421349802136
451894981628788755
1356323493830197519
1356328857170346058
1255204143040299111
1356322318795800786
983002944985235477
1281361500165902481
1344013698414415955
1358721387669360641
1018938614861799425
371546533818269697
1246527150958317608
1357398694160367817
1354761845092909086
1356546846171861023
960528276110073876
1350445214581522502
657019589368217600
1360255901591670844
1357798531133603910
1359797105597874210
978929131699986482
1256862581570928692
962173022402383882
989942606169509889
1360203120050704510
1329051591193526286
1314183275627024419
1316048829669183601
1255531989390590024
770559269380423730
1056059313174614046
773132128975847434
1256255170967502862
1221229144478711829
944886702445580318
1349720083806814270
843199139025780776
936897452664029236
1359589195630383234
743271833314263150
939684872975446016
1257661054637310038
1360561916337983508
1255678982154752156
1255955141656313999
1036263053378981888
1359046711598649415
1359049009267867815
1342123471169257492
1362060779355902141
1256858503943819285
1338954683951222946
1241716486587027531
889514480009089066
1349561968830447616
1348254834955911188
1348630352700248165
943931347997687831
216042710241378304
1332981428354547740
461623885654130688
1360481932311527429
1362595830485483612
1346828891142230089
763438737777754152
963398503172808724
1103830464868917258
1348654598272847872
1348633938264068129
1258244670178463774
957498264180097064
1339249528897015849
1306671950369652756
270081578678353920
610978238122164225
1086777607518957762
1363103680785547426
1259510960968695838
1141114428239138938
1313366187576524872
1332275970845179945
1158384343438331994
1270011167183470664
1339153049427513344
1322532244149239852
1274680462580777143
1363836771074441463
1017372140653248572
664675499326308352
1033731739371180085
1362950302587687092
1004580024499834971
734580824963547216
1273374614537502774
698639262580736072
1276006585755238483
985161813568139284
1305201807341129833
520334851925213185
1362537344707723396
1363822655098191952
604439213752188988
1080205387204153364
1337034725595942961
1359354935476748380
961217409019183124
1198909808082948198
692646871562190929
1291422201110855761
1207617719650885692
860044269850460160
1280493793052725331
455141344453722172
1185283789035950151
1220449486103511181
799638475145084939
1329902651718238259
1359630952573304902
742498266029228123
910714638382030959
831188991670878330
1187430027046949005
649414141832069140
1100543503915810888
1256168308869300224
316702299965620225
1306934820965974057
777384549033181184
372255202339717120
1363258543360442529
1330862355025887233
1359668980100501701
1364012116943700002
1361608703576375431
1213836035184922664
1080267551478652959
1313572700576284683
1348283253416656896
992887459413250079
497831093135998977
1239907132883734598
1348290394533789717
968391325638610994
1256899441831444582
1226943473035382944
939540949250498580
1189232370847580220
1240358414908133376
1362495336765063419
1280993350782029874
1364715168340246630
431852602028982274
1016188005091917956
1346411865147703379
1325410475076489307
1292229634645164074
974741586976051230
1089761064230600766
939811084246876160
1366384231294570576
1359532638188077086
1361638962220765214
1166445024205082714
636758006536732682
899818323469037588
1334986520456597514
749677551584018594
402093952758448150
1364910380698304553
1364625559489089636
1292433052756217941
1364961729603309632
1334500005020438592
558779896055201808
939644463612063804
1286410390603038791
1366412578842087424
1320298762299641941
1365377959489310790
801282701943898134
1258198637238947840
1241095491773792459
1331928148782088266
1359571828913344613
1363784385308135575
1360962840718213392
1105061761901658143
801112625232347206
1200083969669074964
869206887923605545
885225927196434433
1325840391450263613
822966225558700063
813500065602732032
1298912173237604393
503255470333755393
768304187184250912
814982541172801537
1013503439625523292
966233025056763904
1360165848559386785
1256717534825025538
760958227818348564
678027711591088128
364394506973609995
1282916018083201104
1335038517851459627
960172477185658880
1359082057724067922
1359052748095488101
1268938930687049791
1337843189914144859
372065218437578762
1195536978557550672
864976917354119218
1185749194644934787
1321913745609588888
1311028654800764990
1362031435510186074
1361398872575840449
1296902635500212224
629808401920163841
408413294064435201
709866233788497993
1365660779323330652
1348112692510199808
939755959838986310
896937385424728064
1352581055554781225
1365616640909377608
1301667275492954232
1306672614776897640
1368141109791821875
656278332585017373
1326696499832422491
1362077944343695553
1269788313196167241
854383722082205706
974318007004299274
802942791558496297
1366740403575062602
1209798777599434773
694547528691089408
1182442775896141997
958366791824982026
1369733888389283960
1370513646828126258
1027661063606521867
939662801390166046
1360083911979307148
1353828074223042723
1367868185331896425
1369388901478961282
1344088771926298665
1199878257131134976
1330445072067723344
1319680160114409472
1297816032286605365
1369197481514106970
1311681915652145154
1231299457073680470
1290247828899237973
1347257670733795369
939845409587740713
939645569666785290
955154107151298580
937229044070625381
533844370328125480
1356471377925902356
1269946983012106251
180096666643202058
511648914009751562
1088275711837601863
1268908188233764867
1331066099864829964
724517891118202900
1073767373162680420
1371163010961506335
269540059026292736
543083800490541086
1365625605025960056
1371195171139489933
1240292643322462211
1369795549204578324
325578726265847810
689468177805082748
1335138995642044526
1324832393722466465
1368849469440917587
420214157644791808
1337742947516678227
1342736435551277161
1368903843068510259
1321551039245058068
845471711482085406
682664363840110593
1275477746717560853
1349912961279332383
1347373465333661788
1350318753992409098
1009642065619071047
1368714607769682021
334615111589298179
1327235663359115317
348135833204686849
968908042194284584
1360813494210924730
810650562185396285
1224384560041558068
413277952826933248
1110700436584931358
599478153571729408
957620354375909397
1360835322451333282
1255984420632920064
1163491394686566490
1255563644914106500
1338962308063432737
1111304592039358538
1297032734962618411
1360608379508228099
1369223120430563358
1315254731840421950
1227276392987623424
1369484402459148331
1100810243618902067
1354474213200629934
382334040453414912
1351890000639426661
1015745267003297934
894016161107312661
1259773657698271242
1329017416121978945
1365710896730603672
1297162186640068660
723575559925268510
1326747512396320889
1283741717660569673
1217828565324660858
968840874303828038
1325471617123487854
1266485775462301817
1371957505512439809
1324721105713238048
1372154043840991242
987513826771624007
1282025790292230207
931211352339542046
957794746552680458
855410886193446932
540279662199439360
602330350395326495
534360738337259550
1300269178925879348
246987962691223562
1332740050814894203
1089640721180528742
937728375525613588
1369379720361152644
1359113576589168782
939571832665829436
944913162271076363
1310574337933180949
1368760304359571628
806538260976762884
730999713024704543
1336654695694991391
1350763861124579378
738786535276544020
470769186772090895
1264978264779395124
826667297724825600
1372270804808765480
1373772672919404574
1064702053970088019
749097880299634790
291346487315529729
1001112151806726164
709263670923755560
485272438158917633
1199513305086165075
1373971361160101984
1326741692732407850
344970061397884929
939661025119207445
700168462877851649
1334241096401682607
1359859585061752957
1347314225063792684
950677195213385738
1329487905416282235
1009497166882013235
926996738676494416
447440759520755712
1372264283060310182
1360826470724931584
326740136073232387
1370150194410164246
1355164058571247667
1095901901297553408
939689277703483473
738370845960830991
1359628288531890208
1371737349637148694
840058485886681108
1370863503501693002
1369194002137747457
803116077156270100
1251568706035908668
1343567554056294503
1362590567032291461
1350092709653905408
958738211503472720
1295717728778194976
1347933535280824341
1375707180920999948
1355603069391470632
1359776893447966782
1128594544229875723
661644031188664330
1349744456869482547
1366149925796053143
932718378085388368
340485561146015746
939804446018387998
1352956066207502409
928347548505219072
257206522856210434
419580729463275521
1350585916275818607
1329344582416207873
227049920513835009
544193346315354133
933720754627952650
1374791673695178822
339097454483865601
1353729602106822722
648554388360790018
1373900931002794027
621603973992022036
1375598481900703756
759720708526964739
1373881791420829746
1032198807120781313
1374660538302206043
1190736922528710716
1342650244378398760
250044604697673728
1203440187007307790
1359086864199319742
1359622792043303212
1373918125636190209
1356277129335148545
1236353687526309980
1128509684471574589
1273818059836231764
1367023427223031819
1351881417713516614
1373556406124548168
